# Do not modify the order of these options
pitch=52.58110743266132
slope=-7.206894492552651
center=0.6087520644153108
viewCone=40.0
invView=1
DPI=324.0
screenW=1536.0
screenH=2048.0
